1024add: 2048
0.002703651
0.002765876
0.00304268
0.002710331
0.00276372
0.002738002
0.002808597
0.002678337
0.002207863
0.002081583
0.002097523
0.002107899
0.00251353
0.002195314
0.002112425
0.002186131
0.002272608
0.002801945
0.002356091
0.00218204
1024mul: 529686
1.181606393
1.143862373
1.143538185
1.155311882
1.182867885
1.133111931
1.135787137
1.153016023
1.131950096
1.140960131
1.137501182
1.182292653
1.161913378
1.144874271
1.146620037
1.126700519
1.13737239
1.120523775
1.124136389
1.129393529
16384comp: 16384
0.035005776
0.035167195
0.035536937
0.03511367
0.03583766
0.034995752
0.035213259
0.035220081
0.035447309
0.03514636
0.035529484
0.035061558
0.035004392
0.035480355
0.035434029
0.043606908
0.035688089
0.035981348
0.051249467
0.035624608
1600hamming: 3192
0.007052514
0.007204979
0.007338736
0.007208436
0.006932964
0.006938749
0.006914056
0.006829545
0.00699501
0.006936368
0.006809833
0.006887996
0.006958306
0.006888288
0.006840874
0.006970966
0.00684619
0.00687728
0.006918151
0.006871392
f64add: 2767
0.006155752
0.005967237
0.005880175
0.005729508
0.00608243
0.005879644
0.006057065
0.005857198
0.0057371
0.006122536
0.005860098
0.006014483
0.005965787
0.005863116
0.006001079
0.005846916
0.00606673
0.005874506
0.006126954
0.005892795
f64multi: 4073
0.006155752
0.005967237
0.005880175
0.005729508
0.00608243
0.005879644
0.006057065
0.005857198
0.0057371
0.006122536
0.005860098
0.006014483
0.005965787
0.005863116
0.006001079
0.005846916
0.00606673
0.005874506
0.006126954
0.005892795
f64div: 12139
0.006155752
0.005967237
0.005880175
0.005729508
0.00608243
0.005879644
0.006057065
0.005857198
0.0057371
0.006122536
0.005860098
0.006014483
0.005965787
0.005863116
0.006001079
0.005846916
0.00606673
0.005874506
0.006126954
0.005892795
