
logN recurFactor  cutoff capacity dataSize
23 8 64 3 992
0.01430511474609375
0.0286102294921875
0.04291534423828125
0.057220458984375
0.07152557373046875
0.0858306884765625
0.10013580322265625
0.11444091796875
0.12874603271484375
0.1430511474609375
0.15735626220703125
0.171661376953125
0.18596649169921875
0.2002716064453125
0.21457672119140625
0.2288818359375
0.24318695068359375
0.2574920654296875
0.27179718017578125
0.286102294921875
0.30040740966796875
0.3147125244140625
0.32901763916015625
0.34332275390625
0.35762786865234375
0.3719329833984375
0.38623809814453125
0.400543212890625
0.41484832763671875
0.4291534423828125
0.44345855712890625
0.457763671875
0.47206878662109375
0.4863739013671875
0.5006790161132812
0.514984130859375
0.5292892456054688
0.5435943603515625
0.5578994750976562
0.57220458984375
0.5865097045898438
0.6008148193359375
0.6151199340820312
0.629425048828125
0.6437301635742188
0.6580352783203125
0.6723403930664062
0.6866455078125
0.7009506225585938
0.7152557373046875
0.7295608520507812
0.743865966796875
0.7581710815429688
0.7724761962890625
0.7867813110351562
0.80108642578125
0.8153915405273438
0.8296966552734375
0.8440017700195312
0.858306884765625
0.8726119995117188
0.8869171142578125
0.9012222290039062
0.91552734375
0.9298324584960938
0.9441375732421875
0.9584426879882812
0.972747802734375
0.9870529174804688
1.0
0
1.45042064 1562234
1
1.580620422 1562234
2
1.330093778 1562234
3
1.345793347 1562234
4
1.377196569 1562234
5
1.417852453 1562234
6
1.509805409 1562234
7
1.468465964 1562234
8
1.511458241 1562234
9
6.12056376 1562234
10
1.290808969 1562234
11
12.833843455 1562234
12
1.349949912 1562234
13
1.307036624 1562234
14
1.292463697 1562234
15
1.329189993 1562234
16
1.462248311 1562234
17
1.430034805 1562234
18
1.353491713 1562234
19
1.365513648 1562234
20
1.355945713 1562234
21
1.439313266 1562234
22
1.502933067 1562234
23
1.635632364 1562234
24
1.350973559 1562234
25
1.3109044 1562234
26
1.486885568 1562234
27
1.44831042 1562234
28
1.293284802 1562234
29
1.343873924 1562234
563.00885865815
Total Time 	 GC CPU Time	 GCIO Time	 OTCPU Time	 OTIO Time

1.9432743827	0.0	0.0 0.0	0.0

5th counter:0.0
6th counter:0.0
7th counter:0.0
8th counter:0.0
9th counter:0.0

