
logN recurFactor  cutoff capacity dataSize
23 8 64 3 992
0.0476837158203125
0.095367431640625
0.1430511474609375
0.19073486328125
0.2384185791015625
0.286102294921875
0.3337860107421875
0.3814697265625
0.4291534423828125
0.476837158203125
0.5245208740234375
0.57220458984375
0.6198883056640625
0.667572021484375
0.7152557373046875
0.762939453125
0.8106231689453125
0.858306884765625
0.9059906005859375
0.95367431640625
1.0
0
1.535317952 1562234
0.0
1
1.399826414 1562234
0.0
2
1.468075118 1562234
0.0
3
1.504080097 1562234
0.0
4
1.519677869 1562234
0.0
5
1.535376834 1562234
0.0
6
4.038375254 1562234
0.0
7
1.4682961 1562234
0.0
8
1.483606917 1562234
0.0
9
1.477844979 1562234
0.0
Infinity
Total Time 	 GC CPU Time	 GCIO Time	 OTCPU Time	 OTIO Time

1.7432119168	0.0	0.0 0.0	0.0

5th counter:0.0
6th counter:0.0
7th counter:0.0
8th counter:0.0
9th counter:0.0

